204 0
297 131
204 48
164 5
91 101
231 162
197 203
220 14
310 82
361 14
316 199
258 220
143 345
238 248
307 7
339 214
145 16
308 3
293 62
293 211
59 69
230 295
334 187
377 6
126 349
6 285
335 233
367 185
294 262
360 270
218 382
87 134
163 94
178 282
208 245
111 244
81 94
176 254
350 75
221 232
58 237
344 360
382 266
36 32
381 242
50 181
351 202
240 354
48 132
122 357
70 60
302 223
149 23
178 55
116 355
278 210
50 188
202 250
101 280
161 276
126 103
242 188
336 77
189 243
190 287
358 233
98 296
298 312
42 235
291 160
151 164
112 83
12 82
360 226
227 172
34 28
213 300
85 158
70 268
201 261
128 211
178 116
376 304
218 192
124 292
258 363
243 303
273 312
169 176
130 76
336 206
15 86
218 316
225 358
321 209
298 309
165 110
326 228
239 218
184 207
251 134
382 97
337 314
286 110
164 30
373 113
342 84
81 280
83 368
93 216
293 82
14 171
33 157
43 217
286 82
81 110
122 167
222 61
312 37
187 320
9 128
357 115
142 174
233 198
127 127
98 172
303 196
117 330
94 293
306 381
315 344
49 151
274 350
182 342
182 200
34 26
246 181
188 275
110 51
31 225
188 70
27 338
101 88
36 329
301 73
78 369
251 165
332 61
94 184
52 248
129 206
93 105
145 118
188 199
230 47
82 107
190 38
145 164
110 287
154 155
199 367
113 310
291 226
289 179
226 238
25 93
284 316
296 295
244 188
338 305
276 32
227 330
183 215
262 295
356 107
10 135
116 44
196 375
366 116
42 271
182 349
338 92
21 129
179 378
331 313
265 178
23 92
158 274
194 345
95 295
148 295
265 190
99 108
261 293
275 286
124 343
81 222
265 251
98 206
261 339
277 223
209 231
132 228
279 45
44 210
199 90
91 193
213 238
122 197
237 91
370 328
29 64
229 263
320 181
313 143
55 183
185 194
112 38
85 205
67 130
134 200
144 252
207 234
235 128
183 8
371 96
136 156
236 122
38 301
207 4
96 153
182 137
340 192
154 374
83 242
70 77
93 91
177 325
49 267
215 320
278 178
351 230
248 271
72 157
18 130
69 326
102 211
308 105
135 66
318 297
241 208
223 77
303 300
281 149
160 304
212 64
99 150
61 219
293 33
182 194
47 148
270 283
98 274
168 168
146 115
153 44
346 344
72 299
335 362
213 294
201 26
172 1
91 188
168 201
137 299
61 290
198 60
289 173
326 130
260 217
30 358
64 211
307 176
221 122
188 18
86 219
45 354
111 156
342 230
104 190
331 298
50 160
244 48
85 101
200 331
137 361
75 290
345 294
244 211
53 273
71 350
252 235
87 333
153 155
232 93
68 182
195 71
244 230
69 305
329 323
143 363
164 322
136 365
143 151
164 10
170 90
200 331
49 266
115 324
241 316
331 110
263 300
122 374
307 140
147 161
148 24
129 45
342 218
54 160
111 354
281 159
237 79
61 137
80 96
274 236
144 105
80 273
289 118
292 204
191 375
102 104
95 372
163 239
298 125
250 311
180 233
24 101
50 272
153 268
306 108
75 190
309 143
162 132
147 69
185 19
164 172
201 218
286 383
200 348
201 154
114 31
379 287
131 111
234 276
371 165
273 100
374 363
259 352
4 247
336 116
189 255
130 265
224 314
275 332
209 153
171 332
279 316
367 312
149 304
163 129
21 220
101 270
269 271
103 182
88 39
192 106
273 203
324 235
291 214
153 319
249 136
182 94
110 111
31 130
46 231
175 227
175 53
100 54
212 140
170 59
154 58
275 350
174 44
114 19
264 110
216 312
299 146
96 106
238 46
204 149
355 153
164 372
147 53
195 212
179 213
30 58
211 33
98 283
291 177
325 35
160 84
127 266
334 25
192 27
6 169
217 143
307 109
180 43
55 137
174 56
253 78
236 269
140 93
141 246
326 54
52 262
303 131
207 35
249 222
306 33
283 244
222 133
127 25
361 116
46 140
219 106
48 312
127 125
48 166
187 339
371 280
119 158
218 159
295 227
363 300
7 152
130 245
222 290
123 152
290 41
219 79
323 76
323 260
63 153
78 121
306 202
356 164
22 134
297 114
30 155
134 103
49 236
266 383
249 199
263 203
153 191
270 382
210 277
302 198
177 96
111 301
61 164
190 79
83 55
127 276
304 284
138 301
204 312
297 311
276 340
52 4
296 113
172 301
213 208
323 300
368 182
107 305
192 34
189 231
271 200
62 206
103 60
87 333
236 274
360 212
267 194
274 268
152 368
49 237
189 204
2 234
277 254
220 226
195 93
151 203
344 77
98 227
156 3
99 111
111 180
301 280
47 202
159 298
147 72
218 383
324 368
87 94
316 363
230 249
18 207
141 292
224 374
126 284
155 239
265 216
89 312
208 230
262 205
198 265
80 333
164 230
226 197
16 147
281 217
132 361
114 324
8 177
43 101
136 342
328 156
285 215
241 222
326 101
339 341
299 179
280 367
36 198
231 29
288 266
188 182
350 216
143 142
5 96
292 101
78 344
191 104
314 31
206 66
273 235
164 291
209 140
228 23
96 242
283 1
229 158
41 234
177 90
373 142
171 279
321 80
198 71
192 364
155 141
61 335
196 241
225 264
227 61
203 101
106 220
253 288
173 64
118 275
243 253
159 163
172 136
117 170
130 34
329 250
309 218
223 42
209 177
21 357
309 98
168 333
122 169
186 153
180 235
223 90
141 314
326 35
252 364
72 117
248 302
229 9
145 68
349 216
200 346
307 322
188 320
322 181
237 224
281 254
40 23
300 313
341 212
338 215
50 231
191 275
3 88
49 120
0 218
243 276
66 91
295 247
258 209
73 89
333 210
126 326
347 29
258 113
243 17
264 37
284 362
258 101
78 31
337 320
91 188
67 135
350 225
154 112
135 327
367 281
345 148
55 15
271 358
347 316
291 361
224 11
157 43
48 260
360 148
377 238
231 61
181 322
37 9
241 81
106 144
229 157
270 91
260 350
172 98
210 86
99 181
259 157
69 278
47 325
187 321
146 106
149 227
344 20
95 372
320 86
119 270
111 344
259 224
217 198
248 268
71 263
85 248
115 71
14 251
154 127
48 365
234 47
85 28
307 379
343 267
47 285
125 311
136 147
173 45
301 68
173 301
33 346
194 314
123 47
119 269
263 138
315 231
43 191
226 199
58 256
158 142
303 152
118 198
110 243
313 134
294 48
111 259
250 43
310 135
39 296
255 221
343 170
150 360
183 286
120 35
383 145
37 236
154 37
222 381
75 297
204 187
215 86
27 170
314 171
236 188
57 264
369 268
252 164
150 126
148 133
79 90
79 96
380 270
101 230
113 61
158 199
153 251
148 224
123 243
302 130
297 194
229 175
278 339
102 227
181 336
198 123
162 23
244 289
148 335
311 167
192 363
245 271
194 274
132 171
299 41
140 361
86 206
333 285
200 346
267 133
77 148
354 115
123 141
33 118
98 158
230 146
86 117
128 25
153 107
55 279
187 169
330 81
130 122
288 91
68 92
105 162
2 294
41 86
239 278
355 195
122 205
260 113
333 59
8 370
88 338
268 160
366 285
139 356
339 332
179 261
211 155
188 271
137 114
192 252
91 119
271 110
310 79
207 314
134 312
329 164
189 209
251 207
176 267
142 278
161 144
343 232
77 170
302 346
44 361
236 227
307 268
50 251
245 365
317 186
282 175
319 266
76 106
191 142
170 107
197 129
226 229
350 303
215 56
136 58
202 338
109 196
326 320
57 318
173 152
197 165
151 94
62 299
232 380
37 200
163 223
248 211
175 101
126 371
185 123
377 157
125 112
174 188
231 264
169 25
225 252
172 263
255 209
357 183
149 201
228 276
221 153
360 240
335 41
182 196
144 232
181 302
142 1
173 374
379 314
150 310
259 92
288 213
130 276
370 349
277 182
146 200
38 305
242 175
354 253
262 147
216 80
121 344
137 259
237 126
76 297
152 260
234 358
221 64
273 296
131 59
212 197
223 4
177 68
58 263
81 165
289 204
151 369
295 316
110 99
250 290
204 277
336 287
196 228
382 289
201 247
230 368
21 186
13 6
261 41
132 46
299 125
59 382
21 357
247 347
280 51
277 158
220 127
238 50
180 64
100 308
49 210
236 112
351 292
148 100
51 269
305 283
199 139
320 206
72 145
327 14
207 186
241 22
166 102
48 42
116 209
181 188
111 270
302 39
68 47
264 117
268 144
249 271
288 185
172 240
215 339
292 167
48 275
45 78
320 323
63 198
150 328
338 84
84 53
133 114
104 255
308 226
291 323
237 373
119 354
147 226
220 222
204 316
329 306
78 311
355 25
185 168
369 74
254 56
116 230
287 17
94 267
44 150
358 125
225 235
225 37
83 264
159 185
197 200
270 237
339 120
324 66
186 39
64 248
286 183
172 93
376 263
193 9
296 350
149 93
192 124
186 217
219 271
201 257
169 356
274 189
197 22
122 33
308 172
22 134
159 173
137 106
58 244
189 89
63 279
362 242
216 218
198 279
22 228
230 351
113 8
79 26
125 231
258 317
228 237
109 222
178 283
64 167
29 242
114 149
15 147
142 75
50 84
305 218
40 177
242 77
262 307
204 97
62 65
268 71
262 319
147 172
199 288
318 115
89 308
212 54
362 228
193 259
340 198
299 180
83 185
53 167
132 198
84 293
181 53
174 2
296 282
54 23
236 234
25 139
191 265
94 90
244 362
176 38
305 220
102 270
332 163
197 48
262 321
106 174
216 105
101 154
103 189
258 327
313 206
39 297
365 174
140 107
369 98
247 74
311 170
268 277
60 58
299 308
187 323
159 132
110 38
91 353
121 64
225 285
51 188
73 47
93 136
261 228
120 12
199 308
319 126
112 375
317 60
108 296
63 20
112 80
158 121
262 63
78 20
338 265
60 90
141 140
164 346
311 310
93 354
82 152
94 163
269 325
185 59
114 346
318 342
95 375
226 238
354 69
303 381
57 141
257 155
376 192
261 130
240 213
241 270
171 325
297 173
176 383
275 300
306 285
326 96
277 103
6 137
65 40
175 17
150 149
130 1
221 345
217 336
35 202
173 86
107 78
63 207
207 136
351 254
66 251
193 128
220 109
375 274
201 158
240 130
190 274
342 310
73 63
96 8
15 257
209 321
43 28
361 141
127 118
367 185
129 244
165 267
198 138
313 254
134 232
338 154
194 187
378 105
376 214
162 104
383 42
201 78
1 171
240 248
249 46
298 210
143 255
140 246
267 265
286 70
195 17
68 262
86 299
193 146
258 138
148 152
307 188
264 358
144 296
94 371
320 380
357 335
316 328
359 274
365 97
223 108
222 51
60 221
207 309
128 244
156 350
119 332
325 143
185 156
360 96
35 337
218 305
264 167
141 125
303 345
191 48
266 109
128 124
80 110
238 176
119 184
168 358
247 346
326 306
246 370
329 355
249 214
87 240
132 227
187 307
256 367
51 372
141 128
299 42
190 311
364 169
296 15
57 266
364 36
227 360
219 103
278 1
223 55
79 236
278 50
372 2
148 141
296 298
260 147
367 3
142 244
47 243
212 226
102 305
23 206
279 166
183 352
187 278
97 251
288 82
283 156
230 268
223 174
371 281
217 108
381 285
305 158
100 187
131 51
132 253
119 63
249 1
14 286
16 247
230 110
339 11
121 347
172 36
132 52
215 11
122 204
301 277
355 201
92 297
238 2
298 284
104 158
211 97
81 351
356 59
146 355
296 153
201 233
264 262
109 249
182 21
172 147
234 96
128 187
161 178
289 268
133 67
31 179
292 68
204 11
87 247
108 175
266 280
328 201
191 250
194 346
179 91
135 50
298 187
81 176
129 115
258 87
168 37
206 332
166 54
137 28
102 146
150 344
327 125
74 140
278 294
295 145
128 258
303 81
243 267
319 215
31 169
164 144
340 167
264 45
242 170
289 25
213 10
289 47
297 194
176 145
313 315
107 104
59 113
277 232
68 109
54 203
220 290
327 278
59 74
44 65
322 194
202 362
153 229
328 227
49 352
166 287
60 280
85 237
124 223
89 199
124 262
305 334
294 156
118 270
88 205
190 297
86 122
45 189
10 263
319 307
197 46
216 265
319 150
94 268
207 350
155 101
181 115
293 169
281 87
366 137
177 9
66 269
241 74
65 174
40 335
280 19
184 333
100 183
295 213
283 246
108 142
350 159
254 146
335 143
128 159
69 126
121 145
286 232
236 182
58 28
55 154
252 245
258 337
190 235
256 215
154 246
87 331
260 383
57 237
100 361
149 53
125 375
7 330
178 165
72 111
290 262
162 330
169 266
111 32
227 161
2 181
152 69
244 90
285 346
134 242
98 134
253 69
325 171
209 164
154 86
120 321
259 147
241 382
237 361
99 232
155 105
104 124
59 21
212 111
164 287
182 103
300 291
127 333
268 71
125 306
111 56
205 265
264 338
265 310
93 136
227 96
161 103
120 264
43 227
204 212
175 344
126 126
272 307
274 287
205 306
133 180
270 44
264 306
162 146
48 174
233 87
278 121
346 255
72 122
29 24
219 183
285 57
190 27
218 360
74 112
192 224
234 226
42 198
24 90
331 224
119 107
140 8
197 363
265 175
158 62
291 258
74 204
113 250
232 199
160 50
238 209
39 190
146 49
321 273
58 148
252 188
92 340
138 153
244 224
363 330
230 128
150 176
356 208
338 28
275 179
210 182
118 313
194 40
166 290
167 47
276 313
294 209
344 115
279 307
70 338
37 158
90 171
100 254
174 381
92 171
339 76
359 27
325 75
212 79
323 27
170 381
89 288
366 30
72 237
224 301
324 376
271 79
318 292
20 236
228 356
69 152
299 121
233 138
200 305
379 290
373 134
132 8
103 92
136 229
160 43
296 149
83 276
210 378
120 323
62 277
111 33
199 362
324 249
248 300
204 208
159 238
310 195
76 110
112 113
277 375
235 90
64 209
237 89
244 112
222 231
345 188
98 295
196 312
164 78
221 27
115 207
305 223
256 268
191 361
85 97
157 56
195 364
359 117
128 304
12 262
220 341
205 352
245 210
95 111
228 35
322 124
148 217
136 97
310 304
285 180
197 236
111 50
203 96
263 132
190 123
114 104
72 62
345 100
23 160
154 256
55 213
235 93
210 382
373 192
239 95
214 331
170 196
156 171
269 284
223 163
164 315
239 199
141 96
116 40
208 311
271 353
173 110
227 142
294 202
163 141
149 162
26 111
173 259
165 24
108 115
333 348
265 90
203 212
234 277
242 32
251 350
317 44
97 383
199 382
233 286
140 355
169 255
129 231
172 84
89 187
275 113
274 301
209 179
270 160
189 296
147 244
20 181
356 191
311 58
235 166
221 99
298 327
229 300
340 130
227 60
140 305
27 171
263 71
94 127
212 4
233 248
315 295
12 142
42 289
294 206
286 211
224 230
106 36
138 163
173 147
220 377
221 247
19 150
77 190
150 224
330 250
93 266
105 82
110 375
284 316
244 65
284 272
167 64
218 123
241 71
201 176
163 146
101 134
199 209
179 101
173 368
187 119
326 246
197 34
181 297
230 238
99 77
46 195
269 279
98 203
299 218
130 208
288 52
238 88
54 100
148 161
212 278
198 372
117 99
172 211
208 1
80 12
255 214
111 28
263 324
258 290
284 12
233 142
279 1
120 207
180 93
298 67
171 251
270 9
276 325
240 32
27 274
214 183
246 111
332 35
223 174
209 279
45 339
190 201
283 53
284 218
109 157
193 197
70 303
126 141
168 72
267 301
373 369
49 307
243 303
114 326
304 260
293 336
28 96
91 77
267 66
296 202
238 340
98 136
15 170
210 40
348 98
275 293
310 370
113 200
221 158
208 291
220 229
347 202
121 204
218 68
259 124
97 141
289 106
291 69
217 187
358 332
298 347
225 69
41 190
311 119
355 143
314 248
153 264
351 126
359 329
327 360
162 175
123 237
173 282
133 316
367 322
334 207
10 9
186 200
144 181
347 198
257 273
216 169
315 219
237 163
119 338
291 143
338 136
210 159
342 180
267 81
170 296
223 176
151 343
172 202
252 172
45 51
355 305
156 125
304 79
197 196
171 140
375 19
69 160
38 283
114 62
75 155
263 317
239 371
297 28
56 251
274 106
136 89
256 236
346 129
194 225
368 85
99 128
91 83
315 226
71 134
318 313
236 184
196 277
144 78
292 277
68 80
303 254
245 81
100 284
181 242
288 285
262 376
224 42
75 294
157 303
258 163
329 269
284 237
70 252
140 216
228 289
88 81
271 18
115 249
177 207
258 46
375 115
121 245
373 177
193 276
111 134
275 249
214 175
107 315
209 213
246 101
300 64
245 86
339 206
60 139
27 28
39 323
326 118
163 373
261 14
360 131
22 338
276 31
103 284
316 307
280 93
274 247
200 41
354 209
230 146
147 241
251 187
21 93
55 24
164 157
300 317
95 302
93 304
339 186
122 216
364 295
122 200
103 305
295 298
285 253
59 275
294 320
89 286
346 152
308 238
241 65
305 261
326 90
235 171
181 210
142 96
96 103
4 250
172 77
355 39
29 205
152 129
368 240
199 379
353 154
304 34
138 183
220 317
133 254
302 220
180 103
32 154
14 176
110 367
25 296
132 95
209 92
34 106
75 328
217 339
169 219
374 251
282 331
12 154
280 321
197 375
269 378
14 41
287 95
289 200
340 380
84 295
214 273
236 130
117 77
258 305
195 14
278 327
43 268
7 109
70 150
82 303
52 103
200 355
382 200
330 216
163 210
356 159
351 133
308 77
322 13
61 298
268 67
346 146
122 128
173 353
252 356
324 14
127 313
234 191
245 213
27 119
292 355
130 325
106 169
125 150
360 158
176 355
160 381
158 149
8 117
130 93
184 14
259 52
304 85
186 345
138 191
285 265
185 280
214 241
126 70
292 99
341 119
33 339
118 181
276 228
259 258
179 121
263 310
288 134
206 136
96 340
62 278
276 347
306 305
304 375
280 358
70 147
329 12
225 374
259 77
348 37
281 327
211 75
357 314
105 147
321 250
76 60
259 171
294 12
340 108
123 346
280 291
285 138
141 165
117 92
209 287
332 165
298 29
266 19
191 306
21 317
178 60
136 272
212 17
91 152
201 165
231 28
358 175
208 209
89 251
292 74
47 277
99 121
350 279
125 266
324 158
263 295
219 281
189 33
116 360
97 155
293 27
200 89
111 341
205 362
214 309
228 97
324 158
56 223
168 288
76 282
289 161
230 271
202 329
222 259
59 105
156 90
127 181
284 347
281 228
46 107
378 145
337 103
41 117
342 310
129 209
231 212
119 72
254 245
283 343
320 87
323 22
136 115
68 122
118 189
93 159
52 231
180 201
187 119
91 30
130 274
342 204
163 21
191 191
88 222
255 256
114 124
87 236
280 181
226 163
283 161
110 66
348 197
96 161
164 140
172 123
61 201
354 193
205 343
302 39
228 239
104 174
146 311
256 181
186 296
96 373
167 60
257 44
274 242
273 301
349 228
252 90
141 324
212 228
290 113
323 143
87 312
318 102
41 184
284 11
244 224
106 185
103 12
141 55
206 288
318 273
201 12
249 254
255 240
249 326
312 192
29 116
117 318
49 231
276 70
123 261
255 332
49 235
357 74
213 224
299 67
65 168
279 373
196 56
57 146
197 27
176 291
97 20
194 22
343 280
57 244
176 207
117 108
357 130
172 116
351 193
334 255
144 223
218 142
128 116
94 249
136 362
51 179
82 283
157 190
321 80
237 66
201 41
55 163
201 333
238 48
156 8
311 31
335 151
202 203
34 47
233 8
216 354
277 58
230 329
205 258
361 149
246 74
247 287
201 47
44 95
26 240
125 5
48 31
275 119
186 343
379 305
278 330
150 203
294 287
24 141
188 255
120 257
292 55
332 283
351 103
152 117
33 115
221 316
213 147
246 192
267 206
195 146
198 313
144 333
61 91
89 309
257 225
194 291
202 309
118 223
54 330
230 83
175 357
158 225
237 335
68 72
39 150
205 252
195 325
227 152
55 136
284 250
317 285
149 276
155 271
76 218
208 41
350 296
118 165
215 228
225 115
126 345
21 152
115 295
244 322
183 127
138 304
85 248
64 314
156 76
314 333
158 340
108 164
199 257
169 361
152 354
177 229
276 182
167 357
94 217
353 219
345 311
349 278
325 144
252 371
221 379
52 253
145 91
319 167
319 243
310 8
159 25
253 135
364 109
73 109
224 118
161 215
81 133
110 166
297 286
274 162
122 323
296 252
153 332
356 261
226 119
213 364
271 68
92 220
87 157
75 90
247 307
149 224
95 364
89 107
197 42
291 366
181 121
147 139
304 358
346 313
36 170
122 3
179 294
170 122
123 250
331 312
367 67
225 89
70 259
339 121
185 88
16 320
282 232
70 355
189 214
98 75
344 178
311 130
153 56
120 148
94 109
250 249
266 235
190 178
95 246
184 186
56 218
178 132
234 369
164 235
186 350
61 186
55 200
327 328
85 317
172 178
145 125
266 105
243 117
23 260
219 244
245 208
184 79
238 140
201 245
237 181
79 153
224 16
302 3
48 259
296 117
66 126
218 142
218 103
179 240
118 22
245 287
63 150
222 365
30 338
220 368
187 139
128 382
154 283
363 214
166 171
182 104
194 5
322 220
289 147
135 321
34 187
168 178
309 205
36 249
184 300
92 56
40 5
212 295
1 102
374 202
383 307
302 241
280 153
253 369
250 201
257 170
116 259
251 194
242 13
252 48
62 334
116 70
118 168
177 159
94 365
214 109
140 338
110 367
158 113
271 105
240 49
255 227
225 95
148 162
243 123
220 360
7 113
119 10
50 153
173 152
256 134
131 313
253 118
111 214
302 111
345 190
323 330
217 271
172 50
188 291
83 48
259 305
178 223
202 369
144 56
200 110
320 132
205 125
123 218
267 40
68 328
295 55
302 201
178 209
5 15
69 194
314 378
194 70
135 48
325 346
137 112
336 222
192 337
212 58
132 223
241 371
326 335
172 308
238 155
236 163
258 317
334 147
260 137
91 197
60 271
347 336
193 92
124 143
326 244
294 91
317 230
142 355
124 323
82 234
120 237
259 180
301 64
140 254
163 205
209 104
109 365
309 354
325 311
84 282
230 137
71 174
107 68
84 61
336 300
161 245
190 152
353 98
363 283
268 162
303 35
248 250
120 165
207 237
113 63
194 310
30 146
344 276
52 120
287 99
113 94
196 89
250 382
181 375
329 375
222 48
285 32
351 304
208 288
264 114
98 269
133 229
45 7
22 268
115 92
304 53
213 3
136 187
21 214
157 369
259 22
246 243
183 141
221 247
299 60
116 155
117 247
228 181
171 273
150 355
111 22
95 328
203 80
51 144
208 34
123 14
94 63
154 255
165 84
244 286
207 122
204 187
142 366
255 107
178 201
322 1
292 122
176 292
269 172
89 352
145 342
238 255
101 212
100 25
201 230
250 196
353 123
75 191
267 83
370 183
188 97
282 84
93 223
78 184
63 163
73 51
285 164
211 196
31 161
204 129
30 192
267 158
153 286
190 222
159 323
141 201
135 21
301 195
214 346
296 232
50 342
161 347
310 83
221 77
332 152
181 351
62 359
291 230
309 132
205 106
300 258
182 103
375 212
316 362
23 201
50 259
198 185
293 327
71 103
252 73
143 216
160 142
107 275
216 137
338 79
362 117
35 268
162 52
353 114
178 235
155 237
320 194
143 158
168 99
183 158
64 48
221 334
168 309
41 122
243 270
208 90
75 264
33 245
344 320
264 204
228 27
217 299
325 219
17 262
27 185
82 223
235 72
75 238
163 25
154 144
127 148
292 269
356 204
25 252
100 215
102 354
77 329
342 75
197 352
196 211
184 315
219 14
323 220
30 113
97 39
190 294
215 163
88 49
213 137
195 4
26 24
60 88
249 205
218 138
319 310
331 302
96 172
334 273
70 163
257 215
210 59
356 345
174 160
89 252
69 37
90 178
316 176
197 42
273 197
133 91
117 186
264 252
215 95
130 103
194 196
26 274
47 322
222 198
241 57
142 221
31 187
198 126
133 244
88 230
172 319
61 73
202 259
84 210
232 143
351 333
52 125
103 188
91 102
150 223
359 190
96 201
138 75
280 73
297 2
245 274
164 351
196 290
189 219
176 327
89 187
241 218
109 113
196 211
74 16
240 250
227 348
115 242
130 371
276 97
28 17
228 217
132 382
40 165
262 305
198 308
355 206
188 106
131 249
123 273
286 115
381 106
260 77
282 122
290 29
280 54
78 154
152 79
213 347
75 144
275 116
148 303
303 87
118 263
191 374
35 94
126 261
159 177
246 381
171 111
31 110
54 298
73 288
288 208
278 118
23 334
158 293
72 272
339 75
353 103
76 117
143 11
181 144
202 112
196 77
232 16
168 91
176 134
12 225
73 97
103 225
140 362
166 131
343 308
232 152
187 75
108 301
283 70
30 133
182 120
153 221
341 286
160 192
252 366
251 355
196 315
253 316
261 199
275 186
221 53
222 32
28 265
136 84
85 220
102 249
86 300
235 33
84 185
69 165
269 180
139 374
292 0
207 165
98 334
160 231
232 31
145 227
64 219
228 350
277 46
323 146
154 299
320 318
1 266
130 133
368 245
265 157
184 259
190 178
239 125
258 217
19 291
67 66
276 33
48 124
290 183
200 380
162 26
205 69
110 40
74 79
135 137
292 72
74 265
53 247
109 159
19 235
192 262
39 371
243 40
125 344
183 285
288 108
217 182
290 243
282 75
106 348
133 307
321 288
129 294
276 324
294 78
305 197
195 16
153 249
85 100
134 41
65 120
134 362
114 112
203 210
145 93
306 355
342 200
279 331
236 137
308 45
246 177
222 376
217 223
357 202
377 168
238 84
347 284
214 165
291 291
170 283
324 117
269 314
6 27
359 315
228 327
44 220
197 13
255 274
156 15
149 219
239 254
274 333
326 262
201 105
217 162
7 291
196 271
112 159
331 47
296 171
114 88
39 304
60 273
363 97
174 253
261 198
83 251
198 355
303 346
62 308
251 300
321 35
222 34
1 211
260 163
281 275
241 245
187 316
277 110
268 48
207 66
88 129
156 215
16 28
313 37
163 133
201 98
311 88
217 31
291 337
82 113
311 325
99 81
149 109
210 133
185 167
81 214
213 106
88 193
151 119
245 39
68 263
237 128
100 332
91 51
311 259
71 35
144 7
254 266
209 304
167 128
199 231
203 165
180 76
113 263
121 50
370 153
278 301
243 263
143 128
139 31
319 106
28 114
23 240
327 76
65 310
226 279
256 217
153 74
307 134
216 0
331 26
163 233
121 124
37 237
143 128
156 281
109 57
167 128
219 188
78 324
75 223
46 285
129 58
34 59
376 296
39 199
254 4
302 200
296 298
33 111
51 115
55 158
114 73
284 136
230 316
104 123
244 213
208 288
258 92
46 176
132 60
310 73
180 253
137 217
317 336
105 200
66 180
331 198
241 293
35 281
262 280
232 100
16 307
366 246
76 308
327 336
146 51
1 184
6 173
99 130
105 224
200 128
31 12
353 374
277 4
122 188
265 52
226 266
218 162
273 219
158 9
205 114
322 81
332 273
270 282
201 354
338 352
187 195
112 229
277 307
254 261
225 28
186 20
71 91
94 184
209 27
224 195
174 199
82 346
189 116
259 126
173 288
212 45
274 255
46 44
195 291
260 341
127 219
300 277
270 111
90 81
239 269
373 355
93 228
238 61
250 278
291 374
81 351
219 102
268 40
298 220
75 381
189 146
300 323
138 98
136 0
120 81
322 246
152 219
60 161
212 77
351 94
308 108
265 188
74 211
46 196
145 271
159 67
123 9
315 192
266 163
230 162
47 253
230 97
263 304
296 17
357 105
244 360
119 85
233 286
290 173
264 81
152 158
366 285
333 196
305 136
121 64
310 284
270 334
330 294
46 83
132 238
331 238
268 308
295 126
117 324
194 199
75 274
85 179
70 334
268 335
227 332
169 358
63 172
250 314
335 213
313 126
324 362
223 149
240 279
126 348
33 283
125 138
171 3
27 189
248 209
348 84
201 322
268 154
221 12
367 279
135 102
246 297
193 355
210 215
205 21
325 341
93 110
369 239
294 286
257 291
340 255
244 116
315 266
371 63
274 353
360 105
228 99
197 129
265 171
51 286
158 132
249 17
214 111
90 319
199 222
104 154
251 131
103 382
295 37
279 223
305 188
162 177
214 6
80 167
152 147
319 129
21 134
336 183
326 351
327 198
70 50
66 38
361 198
233 128
261 89
225 201
183 246
72 310
103 100
122 177
306 114
154 200
159 167
339 84
279 84
276 277
288 107
311 310
277 367
361 130
300 273
20 121
313 135
105 303
2 157
52 242
128 78
51 123
292 239
79 49
281 352
364 252
362 155
208 13
73 79
268 254
197 25
176 23
324 155
141 45
141 183
319 97
311 305
136 308
63 134
309 193
121 186
63 113
292 125
142 124
218 6
233 68
350 160
234 113
215 308
35 181
211 31
343 217
310 146
40 143
198 8
90 164
297 248
187 370
212 257
285 209
77 216
291 74
175 291
193 8
116 160
150 102
200 161
213 202
148 147
139 271
265 170
205 84
206 130
190 28
243 107
202 136
278 131
269 17
9 191
195 59
186 347
141 231
132 306
320 155
263 71
123 268
272 65
113 334
118 251
51 243
259 89
215 234
92 205
148 272
308 339
66 114
284 328
40 140
307 243
173 289
220 378
176 23
368 155
321 248
297 26
257 32
92 101
338 208
46 68
185 176
371 124
67 177
100 171
80 224
334 209
293 263
20 292
308 16
151 324
121 82
8 228
149 370
267 81
347 208
288 323
285 82
125 32
36 327
79 88
291 62
60 115
120 304
213 184
336 174
83 378
216 226
158 173
268 130
81 169
32 44
50 250
264 376
135 373
148 275
319 375
334 120
243 77
78 47
292 84
103 5
96 227
243 218
54 35
15 142
75 366
347 323
268 111
272 76
87 322
141 251
217 300
277 85
268 184
322 301
124 333
154 27
286 152
164 247
131 251
249 191
223 125
24 53
97 357
68 238
294 120
360 299
127 78
106 107
298 346
50 112
200 244
326 232
249 184
152 216
281 196
273 301
20 59
155 19
156 103
256 262
87 357
175 179
346 361
183 63
93 359
177 173
223 79
271 262
184 344
304 176
98 136
185 224
130 168
238 34
141 222
208 312
252 147
277 190
38 179
298 140
290 17
130 90
116 149
220 326
258 231
301 127
140 315
289 105
66 255
322 105
121 105
191 332
159 301
333 76
75 242
108 219
46 41
179 221
70 81
261 120
251 202
6 18
203 147
85 68
154 95
260 286
291 224
134 130
202 167
273 198
169 325
361 312
176 117
54 108
133 114
52 95
177 356
69 164
319 271
185 130
310 146
112 66
212 156
340 161
225 127
344 330
106 112
124 101
183 81
154 107
96 32
278 104
174 90
173 105
265 239
205 279
55 265
118 161
320 45
112 274
191 17
92 297
225 218
102 243
0 183
326 255
270 161
175 148
290 349
148 169
278 3
366 156
319 345
132 227
130 174
295 212
296 198
336 156
131 267
291 299
253 205
133 18
358 316
129 165
198 195
140 167
244 61
253 1
340 29
312 18
171 85
264 302
81 327
176 48
40 261
49 281
202 193
212 314
252 203
159 118
194 213
233 182
202 317
110 64
167 12
108 220
154 295
359 182
137 195
164 228
241 335
63 199
176 55
134 101
245 218
107 335
41 142
165 99
225 348
133 231
308 66
230 179
262 86
233 66
242 190
98 61
361 328
277 272
376 169
261 262
53 377
298 293
124 230
353 258
260 348
215 149
298 194
208 285
91 333
121 187
377 321
363 279
118 178
201 95
290 299
181 302
249 78
274 180
47 311
221 296
164 356
115 246
215 140
256 176
277 112
65 289
282 302
96 124
40 262
77 82
295 336
143 101
322 290
81 110
64 267
325 342
339 234
80 363
59 180
68 6
113 114
318 69
197 110
203 250
279 221
98 153
11 331
237 206
167 246
211 5
127 185
54 281
11 368
204 172
354 76
166 97
153 220
66 161
292 125
39 71
120 354
273 314
242 93
103 231
126 152
225 153
56 334
176 251
99 369
332 307
85 219
5 9
188 277
185 81
263 183
332 181
229 308
164 215
284 331
193 236
198 72
248 242
220 245
129 305
17 151
265 346
179 295
142 9
235 246
43 185
216 363
176 82
375 221
165 30
262 275
221 363
172 335
360 102
70 210
225 101
194 117
257 265
263 47
108 243
215 122
190 203
162 190
308 321
325 365
142 161
336 83
325 219
193 287
154 238
55 124
183 46
165 288
161 243
209 27
181 365
103 215
188 366
231 74
225 112
285 105
71 281
217 44
314 171
171 240
214 360
299 91
91 278
131 319
227 360
195 298
204 242
362 335
210 223
374 314
241 151
65 120
22 87
181 62
107 52
269 256
24 13
107 266
168 214
231 209
201 330
129 79
327 264
217 168
346 174
187 166
192 189
256 250
199 290
127 250
148 204
159 317
257 131
19 39
208 4
143 109
270 348
80 383
303 23
372 13
248 43
122 373
251 50
298 209
139 269
341 181
305 263
128 346
120 222
312 144
132 63
29 261
143 345
259 3
177 261
164 370
251 295
107 97
290 247
102 38
129 63
198 348
51 366
210 76
161 89
283 155
208 337
171 66
170 286
348 318
215 95
234 146
216 275
270 95
214 203
170 124
184 116
362 346
14 252
283 91
225 337
313 360
105 351
188 138
220 49
317 143
240 180
71 161
260 218
269 35
160 261
241 140
54 232
261 204
244 148
255 287
229 35
127 107
239 221
235 148
177 225
305 258
373 263
356 280
125 79
98 223
82 166
43 273
214 196
235 313
39 181
77 324
339 181
338 19
25 166
132 228
271 5
201 324
281 257
135 142
82 341
202 175
188 307
355 54
108 383
349 252
234 297
265 231
164 307
17 352
192 382
311 104
124 380
308 331
237 211
121 40
271 351
286 374
188 5
166 47
250 188
277 339
246 192
223 72
310 333
9 78
99 237
155 122
302 107
232 343
242 337
126 28
152 38
328 259
98 71
235 143
52 294
176 256
126 79
96 339
318 153
242 296
356 156
342 106
220 47
106 153
30 269
44 185
103 351
109 47
66 206
115 364
199 23
210 177
148 338
258 181
69 317
111 2
318 277
51 61
168 0
232 170
210 109
175 279
315 247
129 290
153 52
48 235
291 169
219 161
196 103
287 185
74 31
214 360
88 45
298 268
268 287
257 342
18 232
355 68
249 187
113 262
380 33
214 261
141 193
22 190
148 33
46 242
182 214
292 66
59 195
97 299
39 153
94 162
117 91
112 58
133 29
154 288
151 169
198 300
17 55
171 319
92 5
156 201
78 18
161 12
230 137
156 34
269 2
274 206
30 152
1 256
199 279
183 40
282 265
223 133
357 88
237 293
22 142
289 301
16 190
60 250
253 329
229 215
217 111
174 304
265 358
211 213
355 253
330 371
78 225
210 95
211 337
109 24
264 337
212 179
312 359
180 94
290 43
260 39
86 341
198 63
134 351
310 205
373 199
296 208
292 372
164 17
197 101
106 196
305 239
246 277
286 159
138 153
192 102
161 185
209 37
130 244
8 210
181 375
139 282
266 49
97 337
146 311
73 231
134 311
71 125
170 165
246 153
157 89
304 229
186 199
149 322
23 166
160 142
266 309
89 225
241 292
255 353
174 121
279 167
203 364
151 303
155 150
297 68
290 303
70 121
192 260
117 266
210 29
141 293
326 103
241 36
152 337
295 124
95 360
217 268
380 278
102 81
284 190
265 291
164 308
183 250
270 156
226 15
183 66
186 215
224 333
378 105
91 349
184 211
315 279
302 130
360 290
148 346
77 365
15 292
329 248
130 36
122 122
152 151
246 152
319 329
259 284
195 263
327 352
177 55
45 95
121 61
105 313
296 128
166 113
262 114
299 313
297 306
194 118
86 75
217 195
72 218
307 178
98 104
256 267
134 198
52 155
221 146
256 207
116 302
239 320
373 78
244 342
77 254
150 99
153 203
83 119
201 151
215 89
121 146
335 367
69 286
145 96
190 244
83 47
47 137
236 161
2 68
322 378
180 201
276 337
328 203
154 296
298 251
206 315
100 75
79 271
153 344
255 246
230 331
65 179
239 121
205 325
202 308
160 282
163 133
370 232
93 224
328 220
199 123
269 172
126 142
126 54
173 373
49 162
277 339
180 41
82 247
238 160
87 282
150 71
55 203
287 349
137 59
322 136
351 224
121 164
364 221
70 213
188 61
35 94
209 294
361 173
70 155
310 192
286 227
56 293
61 40
230 202
317 253
321 40
294 7
64 234
144 210
253 93
268 65
176 49
342 92
173 325
359 131
53 282
13 59
112 139
169 50
26 321
264 40
215 57
52 359
138 277
64 114
226 68
162 53
88 313
217 255
369 250
288 279
154 112
192 372
299 84
244 238
147 57
303 168
373 343
149 133
354 249
224 28
302 355
217 82
230 160
373 314
127 270
231 282
0 105
231 246
125 190
45 47
244 376
270 310
272 100
58 147
333 24
186 265
242 214
177 59
198 197
198 332
168 91
211 76
168 215
184 186
98 346
298 135
202 234
203 67
322 76
193 19
173 193
161 242
236 352
238 365
98 76
358 350
145 307
215 55
251 27
43 112
166 337
348 51
155 26
256 257
195 133
299 225
251 375
216 382
148 60
209 373
230 68
122 25
178 176
67 242
196 76
124 120
131 281
249 284
224 24
295 252
162 103
305 145
156 164
198 255
43 260
69 296
275 161
30 206
254 162
350 37
34 170
365 65
235 8
108 60
167 117
35 275
237 380
261 184
14 158
78 100
31 55
342 114
361 237
232 137
337 152
197 316
99 173
239 214
181 104
266 333
215 8
157 107
162 174
59 218
225 244
90 329
271 165
290 183
234 268
286 145
132 183
162 229
151 123
267 78
38 348
169 229
295 277
59 63
91 297
263 94
256 102
201 305
257 95
212 180
159 295
312 93
105 312
176 89
148 160
222 179
174 196
120 10
242 66
41 279
97 172
347 208
160 305
167 118
167 107
238 192
164 63
333 200
158 68
327 22
191 239
226 220
272 275
363 235
64 56
154 69
93 139
226 364
216 74
211 47
153 362
216 297
127 5
74 145
307 139
273 8
264 246
87 337
269 155
118 238
230 67
258 241
298 59
286 348
255 274
157 41
137 69
250 22
202 167
279 137
70 62
117 370
304 109
302 42
318 133
143 372
240 164
282 205
95 318
212 278
328 21
302 180
158 32
100 145
287 237
120 187
302 246
266 48
128 304
46 307
227 129
69 235
171 310
137 117
167 51
67 141
178 343
258 133
110 86
238 111
150 122
126 269
82 58
302 380
370 280
80 57
288 220
235 61
126 82
263 300
310 230
123 125
128 367
79 209
96 186
153 236
300 365
363 245
245 74
353 277
276 8
60 255
196 29
208 170
187 76
79 274
139 139
94 139
143 98
195 356
41 41
85 340
273 338
166 372
242 272
75 341
326 292
211 219
267 272
341 191
255 201
356 228
269 90
137 55
73 256
310 315
246 101
185 305
253 333
209 191
355 106
289 104
151 48
272 142
257 376
322 174
296 137
171 262
67 47
44 215
66 321
63 350
238 281
115 153
177 38
248 312
186 214
96 226
209 179
269 327
34 35
201 264
351 332
227 290
262 47
241 181
121 45
271 162
73 172
318 51
301 145
72 59
202 122
126 18
280 215
77 13
216 138
282 197
32 139
59 95
254 11
289 234
125 196
268 73
182 71
150 64
248 12
201 140
145 323
293 236
194 209
344 349
11 133
90 235
116 332
143 64
100 94
45 72
304 229
251 238
216 216
208 166
172 123
224 374
331 369
277 351
152 189
103 96
240 96
151 363
218 178
110 74
238 266
237 106
189 229
142 153
203 226
23 126
215 155
192 348
137 197
114 218
228 126
204 103
264 302
257 7
173 379
99 297
148 286
253 248
371 157
370 212
332 248
320 132
84 174
185 10
247 328
44 232
230 379
112 325
8 326
237 40
138 170
276 205
121 254
187 266
273 52
258 129
10 258
231 219
239 300
220 364
126 156
137 158
294 296
97 174
276 81
273 174
251 280
254 166
206 78
200 63
337 229
273 226
311 128
289 147
142 241
363 8
235 186
67 161
167 209
365 239
77 118
358 197
287 77
106 306
251 96
122 16
226 63
190 31
244 103
249 180
298 27
243 71
294 108
303 283
84 262
283 290
349 278
165 207
274 216
71 7
329 318
232 184
121 24
276 103
80 81
160 72
181 178
7 236
80 175
274 131
248 93
165 65
289 247
185 123
118 40
186 25
237 11
372 349
303 310
369 213
238 229
15 256
282 198
1 183
76 325
152 306
240 88
328 204
174 222
357 45
278 234
288 90
116 296
266 104
46 184
246 140
217 265
106 181
197 328
276 314
290 295
104 8
313 126
297 145
119 276
339 76
309 349
171 122
165 45
208 298
168 67
222 241
92 370
199 51
237 356
272 40
137 332
300 106
289 249
216 214
157 115
144 46
62 253
255 64
13 334
101 184
307 195
236 78
114 180
76 28
336 0
247 74
308 24
304 88
113 344
321 185
156 273
277 307
272 321
368 307
181 208
169 375
365 93
24 162
353 296
145 345
298 335
69 316
236 332
43 322
23 241
98 123
212 104
0 93
353 299
234 87
273 379
216 46
118 201
375 174
1 126
27 103
104 77
31 53
309 247
365 104
85 296
344 105
344 91
129 306
248 16
71 99
90 169
131 20
69 107
330 256
122 267
53 333
206 260
206 106
345 143
111 340
329 250
241 166
149 132
302 150
51 261
167 369
288 359
273 227
175 335
197 267
227 382
162 1
235 204
160 87
167 307
157 356
142 343
314 331
233 46
210 69
113 74
87 148
313 153
339 219
187 43
149 339
197 268
146 372
133 179
137 77
358 112
254 142
298 383
268 381
154 318
219 305
62 313
339 114
201 299
63 322
310 189
51 282
155 81
290 0
218 11
98 303
111 164
170 17
104 313
268 233
77 43
1 212
110 96
204 37
315 298
251 214
158 39
41 134
171 131
123 171
72 48
165 50
164 313
338 328
195 354
303 278
230 112
22 217
102 198
111 273
337 199
212 83
212 94
296 114
291 106
51 195
207 90
77 184
315 121
313 173
272 353
89 208
342 171
126 310
118 245
190 298
176 235
228 143
159 331
63 140
195 334
264 251
163 375
358 90
123 280
270 338
7 258
122 363
138 218
180 323
281 306
205 264
79 229
189 80
287 250
178 171
291 152
277 162
36 296
124 177
97 241
10 248
327 129
11 278
39 81
79 261
256 175
127 156
76 194
55 228
232 274
223 306
295 210
308 372
261 297
314 312
82 230
126 173
217 240
223 254
154 363
166 202
270 40
248 342
301 61
168 360
239 33
214 366
195 170
353 139
137 375
96 226
212 7
111 97
176 77
236 231
265 73
314 356
153 9
106 126
264 177
261 376
184 70
128 347
226 46
131 271
145 357
311 177
156 285
230 144
288 212
310 63
208 65
171 243
210 151
183 325
93 267
322 260
190 319
133 302
241 174
227 173
83 163
221 42
218 167
321 69
186 255
71 212
191 173
64 299
321 198
299 30
273 281
149 321
352 160
246 176
330 285
245 219
180 305
186 17
7 212
73 125
152 269
295 188
196 17
266 131
209 124
58 39
212 132
357 126
258 224
19 382
26 66
16 284
34 260
224 67
131 116
295 125
106 153
353 40
19 58
303 46
307 139
179 248
28 137
377 73
227 357
300 345
181 188
133 34
201 318
24 120
270 176
314 360
26 107
51 129
181 122
171 358
255 340
32 100
5 149
113 228
265 96
331 352
88 383
192 160
16 254
81 362
44 68
134 167
70 24
221 142
117 342
81 382
344 185
355 224
233 259
194 192
300 77
84 288
8 254
47 235
50 272
156 365
182 374
154 369
291 49
59 227
76 266
132 324
208 51
203 112
330 137
192 131
109 174
65 181
227 52
161 272
356 207
305 229
187 244
347 203
246 197
266 59
285 71
218 73
292 157
60 19
187 106
289 18
106 80
71 156
245 363
112 10
209 366
181 280
369 181
274 305
147 192
91 1
167 307
239 9
245 307
241 83
1 213
155 256
312 124
181 164
199 269
318 147
77 263
53 116
317 50
161 169
182 81
121 163
368 175
281 314
119 116
122 233
178 80
118 105
338 309
232 290
298 340
335 229
296 193
142 360
140 90
169 351
302 352
125 267
302 176
95 307
208 51
17 206
281 21
170 224
96 117
117 202
239 347
267 284
19 267
237 302
177 134
240 297
171 91
65 146
303 332
112 318
171 366
331 109
328 265
52 293
91 230
50 235
314 174
297 32
200 381
125 45
363 33
185 49
178 281
91 47
268 228
158 134